cipheredTextKey2: 0.04170772579240387
cipheredTextKey3: 0.03987459604079742
cipheredTextKey4: 0.03665186451650979
cipheredTextKey5: 0.03825965344011389
cipheredTextKey12: 0.034148077538705864
