cipheredTextKey2: 0.05454997690367054
cipheredTextKey3: 0.04088709634395522
cipheredTextKey4: 0.054203744782195626
cipheredTextKey5: 0.041251161324260203
cipheredTextKey12: 0.05295545536731124
